gpsfilepath=F:\\toccworkspace\\taxi_gps\\20171101GPS
temppath=F:\\toccworkspace\\test\\yzf
stime_s=201711012140
stime_e=201711012150
etime_s=201711012210
etime_e=201711012220
buffer=1500
startpoint=116.615579,40.052544
endpoint=116.615574,39.924477
